2 3 7 2
1 3 3 5 8 2
2 5 10 2
5 5 11 2
4 5 6 3 13 2
5 3 14 2
1 2 8 3 15 1
2 2 7 3 9 1 16 1
8 1 10 1 17 1
3 2 9 1 11 1
4 2 10 1 12 1
11 1 13 1 20 1
5 2 12 1 14 3 21 1
6 2 13 3 22 1
7 1 16 3
8 1 15 3 28 5
9 1 18 1
17 1 24 1
20 1 26 1
12 1 19 1
13 1 22 3 34 5
14 1 21 
24 1 29 1
18 1 23 1 25 0.25
24 0.25 26 0.25 31 1
19 1 25 0.25 27 1
16 4.5 29 1 34 6 38 5
23 1 28 1 35 1
31 0.5 25 1 30 0.5 32 0.5
27 1 34 1 36 1
21 5 28 6 33 1 43 5
29 1 36 3 39 1
33 1 35 3 42 1
38 3 45 1
28 5 37 3 39 1 47 1
35 1 38 1 40 1
39 1 49 1
42 1 50 1
36 1 41 1 43 1
34 4.5 42 1 44 3 52 1
43 3 54 1
37 1 46 0.5
45 0.5 56 1
38 1 48 1 57 1
47 1 49 1 58 1
40 1 48 1 50 1
41 1 49 1 51 1
50 1 52 1 61 1
43 1 51 1 62 1
54 0.5 63 1
44 1 53 0.5
56 0.5 65 1
46 1 55 0.5 57 1
47 1 56 1
48 1 59 1
58 1 66 1
61 1 67 1
51 1 60 1
52 1 63 1
53 1 62 1 64 0.5
63 0.5 68 1
55 1 66 7.5
59 1 65 7.5 67 1
60 1 66 1 68 7.5
64 1 67 7.5